14
4 4 2 2 1 0 2 1 2 3 4
4 4 1 1 3 1 1 2 2 2 2
6 10 3 2 2 0 0 5 4 3 2
16 18 5 1 5 10 8 21 27 29 87
14 15 12 4 4 3 5 84 74 53 68
400 400 12 4 10000 3 5 84 74 53 68
400 400 200 200 10000 3 5 84 74 53 68
400 400 400 400 10000 3 5 84 74 53 68
4000 4000 12 4 100000 3 5 84 74 53 68
4000 4000 2000 2000 100000 3 5 84 74 53 68
4000 4000 4000 4000 100000 3 5 84 74 53 68
40000 40000 12 4 1000000 3 5 84 74 53 68
40000 40000 20000 20000 1000000 3 5 84 74 53 68
40000 40000 40000 40000 1000000 3 5 84 74 53 68
