9
4 3
3 6 2 8 
4 3
2 3 2000000000 1999999999
5 2
10 20 30 40 50 
6 4
1 1 2 3 5 8 
2 2
1069 1122 
10 5
10386 10257 10432 10087 10381 10035 10167 10206 10347 10088
100 50
2 3 2000000000 1999999999 2 3 2000000000 1999999999 2 3 2000000000 1999999999 2 3 2000000000 1999999999 2 3 2000000000 1999999999 2 3 2000000000 1999999999 2 3 2000000000 1999999999 2 3 2000000000 1999999999 2 3 2000000000 1999999999 2 3 2000000000 1999999999 2 3 2000000000 1999999999 2 3 2000000000 1999999999 2 3 2000000000 1999999999 2 3 2000000000 1999999999 2 3 2000000000 1999999999 2 3 2000000000 1999999999 2 3 2000000000 1999999999 2 3 2000000000 1999999999 2 3 2000000000 1999999999 2 3 2000000000 1999999999 2 3 2000000000 1999999999 2 3 2000000000 1999999999 2 3 2000000000 1999999999 2 3 2000000000 1999999999 2 3 2000000000 1999999999
1000 500
2 3 2000000000 1999999999 2 3 2000000000 1999999999 2 3 2000000000 1999999999 2 3 2000000000 1999999999 2 3 2000000000 1999999999 2 3 2000000000 1999999999 2 3 2000000000 1999999999 2 3 2000000000 1999999999 2 3 2000000000 1999999999 2 3 2000000000 1999999999 2 3 2000000000 1999999999 2 3 2000000000 1999999999 2 3 2000000000 1999999999 2 3 2000000000 1999999999 2 3 2000000000 1999999999 2 3 2000000000 1999999999 2 3 2000000000 1999999999 2 3 2000000000 1999999999 2 3 2000000000 1999999999 2 3 2000000000 1999999999 2 3 2000000000 1999999999 2 3 2000000000 1999999999 2 3 2000000000 1999999999 2 3 2000000000 1999999999 2 3 2000000000 1999999999 2 3 2000000000 1999999999 2 3 2000000000 1999999999 2 3 2000000000 1999999999 2 3 2000000000 1999999999 2 3 2000000000 1999999999 2 3 2000000000 1999999999 2 3 2000000000 1999999999 2 3 2000000000 1999999999 2 3 2000000000 1999999999 2 3 2000000000 1999999999 2 3 2000000000 1999999999 2 3 2000000000 1999999999 2 3 2000000000 1999999999 2 3 2000000000 1999999999 2 3 2000000000 1999999999 2 3 2000000000 1999999999 2 3 2000000000 1999999999 2 3 2000000000 1999999999 2 3 2000000000 1999999999 2 3 2000000000 1999999999 2 3 2000000000 1999999999 2 3 2000000000 1999999999 2 3 2000000000 1999999999 2 3 2000000000 1999999999 2 3 2000000000 1999999999 2 3 2000000000 1999999999 2 3 2000000000 1999999999 2 3 2000000000 1999999999 2 3 2000000000 1999999999 2 3 2000000000 1999999999 2 3 2000000000 1999999999 2 3 2000000000 1999999999 2 3 2000000000 1999999999 2 3 2000000000 1999999999 2 3 2000000000 1999999999 2 3 2000000000 1999999999 2 3 2000000000 1999999999 2 3 2000000000 1999999999 2 3 2000000000 1999999999 2 3 2000000000 1999999999 2 3 2000000000 1999999999 2 3 2000000000 1999999999 2 3 2000000000 1999999999 2 3 2000000000 1999999999 2 3 2000000000 1999999999 2 3 2000000000 1999999999 2 3 2000000000 1999999999 2 3 2000000000 1999999999 2 3 2000000000 1999999999 2 3 2000000000 1999999999 2 3 2000000000 1999999999 2 3 2000000000 1999999999 2 3 2000000000 1999999999 2 3 2000000000 1999999999 2 3 2000000000 1999999999 2 3 2000000000 1999999999 2 3 2000000000 1999999999 2 3 2000000000 1999999999 2 3 2000000000 1999999999 2 3 2000000000 1999999999 2 3 2000000000 1999999999 2 3 2000000000 1999999999 2 3 2000000000 1999999999 2 3 2000000000 1999999999 2 3 2000000000 1999999999 2 3 2000000000 1999999999 2 3 2000000000 1999999999 2 3 2000000000 1999999999 2 3 2000000000 1999999999 2 3 2000000000 1999999999 2 3 2000000000 1999999999 2 3 2000000000 1999999999 2 3 2000000000 1999999999 2 3 2000000000 1999999999 2 3 2000000000 1999999999 2 3 2000000000 1999999999 2 3 2000000000 1999999999 2 3 2000000000 1999999999 2 3 2000000000 1999999999 2 3 2000000000 1999999999 2 3 2000000000 1999999999 2 3 2000000000 1999999999 2 3 2000000000 1999999999 2 3 2000000000 1999999999 2 3 2000000000 1999999999 2 3 2000000000 1999999999 2 3 2000000000 1999999999 2 3 2000000000 1999999999 2 3 2000000000 1999999999 2 3 2000000000 1999999999 2 3 2000000000 1999999999 2 3 2000000000 1999999999 2 3 2000000000 1999999999 2 3 2000000000 1999999999 2 3 2000000000 1999999999 2 3 2000000000 1999999999 2 3 2000000000 1999999999 2 3 2000000000 1999999999 2 3 2000000000 1999999999 2 3 2000000000 1999999999 2 3 2000000000 1999999999 2 3 2000000000 1999999999 2 3 2000000000 1999999999 2 3 2000000000 1999999999 2 3 2000000000 1999999999 2 3 2000000000 1999999999 2 3 2000000000 1999999999 2 3 2000000000 1999999999 2 3 2000000000 1999999999 2 3 2000000000 1999999999 2 3 2000000000 1999999999 2 3 2000000000 1999999999 2 3 2000000000 1999999999 2 3 2000000000 1999999999 2 3 2000000000 1999999999 2 3 2000000000 1999999999 2 3 2000000000 1999999999 2 3 2000000000 1999999999 2 3 2000000000 1999999999 2 3 2000000000 1999999999 2 3 2000000000 1999999999 2 3 2000000000 1999999999 2 3 2000000000 1999999999 2 3 2000000000 1999999999 2 3 2000000000 1999999999 2 3 2000000000 1999999999 2 3 2000000000 1999999999 2 3 2000000000 1999999999 2 3 2000000000 1999999999 2 3 2000000000 1999999999 2 3 2000000000 1999999999 2 3 2000000000 1999999999 2 3 2000000000 1999999999 2 3 2000000000 1999999999 2 3 2000000000 1999999999 2 3 2000000000 1999999999 2 3 2000000000 1999999999 2 3 2000000000 1999999999 2 3 2000000000 1999999999 2 3 2000000000 1999999999 2 3 2000000000 1999999999 2 3 2000000000 1999999999 2 3 2000000000 1999999999 2 3 2000000000 1999999999 2 3 2000000000 1999999999 2 3 2000000000 1999999999 2 3 2000000000 1999999999 2 3 2000000000 1999999999 2 3 2000000000 1999999999 2 3 2000000000 1999999999 2 3 2000000000 1999999999 2 3 2000000000 1999999999 2 3 2000000000 1999999999 2 3 2000000000 1999999999 2 3 2000000000 1999999999 2 3 2000000000 1999999999 2 3 2000000000 1999999999 2 3 2000000000 1999999999 2 3 2000000000 1999999999 2 3 2000000000 1999999999 2 3 2000000000 1999999999 2 3 2000000000 1999999999 2 3 2000000000 1999999999 2 3 2000000000 1999999999 2 3 2000000000 1999999999 2 3 2000000000 1999999999 2 3 2000000000 1999999999 2 3 2000000000 1999999999 2 3 2000000000 1999999999 2 3 2000000000 1999999999 2 3 2000000000 1999999999 2 3 2000000000 1999999999 2 3 2000000000 1999999999 2 3 2000000000 1999999999 2 3 2000000000 1999999999 2 3 2000000000 1999999999 2 3 2000000000 1999999999 2 3 2000000000 1999999999 2 3 2000000000 1999999999 2 3 2000000000 1999999999 2 3 2000000000 1999999999 2 3 2000000000 1999999999 2 3 2000000000 1999999999 2 3 2000000000 1999999999 2 3 2000000000 1999999999 2 3 2000000000 1999999999 2 3 2000000000 1999999999 2 3 2000000000 1999999999 2 3 2000000000 1999999999 2 3 2000000000 1999999999 2 3 2000000000 1999999999 2 3 2000000000 1999999999 2 3 2000000000 1999999999 2 3 2000000000 1999999999 2 3 2000000000 1999999999 2 3 2000000000 1999999999 2 3 2000000000 1999999999 2 3 2000000000 1999999999 2 3 2000000000 1999999999 2 3 2000000000 1999999999 2 3 2000000000 1999999999 2 3 2000000000 1999999999 2 3 2000000000 1999999999 2 3 2000000000 1999999999 2 3 2000000000 1999999999 2 3 2000000000 1999999999 2 3 2000000000 1999999999 2 3 2000000000 1999999999 2 3 2000000000 1999999999 2 3 2000000000 1999999999 2 3 2000000000 1999999999 2 3 2000000000 1999999999 2 3 2000000000 1999999999 2 3 2000000000 1999999999 2 3 2000000000 1999999999 2 3 2000000000 1999999999 2 3 2000000000 1999999999 2 3 2000000000 1999999999 2 3 2000000000 1999999999 2 3 2000000000 1999999999 2 3 2000000000 1999999999 2 3 2000000000 1999999999 2 3 2000000000 1999999999 2 3 2000000000 1999999999 2 3 2000000000 1999999999 
10000 5000
2 3 2000000000 1999999999 2 3 2000000000 1999999999 2 3 2000000000 1999999999 2 3 2000000000 1999999999 2 3 2000000000 1999999999 2 3 2000000000 1999999999 2 3 2000000000 1999999999 2 3 2000000000 1999999999 2 3 2000000000 1999999999 2 3 2000000000 1999999999 2 3 2000000000 1999999999 2 3 2000000000 1999999999 2 3 2000000000 1999999999 2 3 2000000000 1999999999 2 3 2000000000 1999999999 2 3 2000000000 1999999999 2 3 2000000000 1999999999 2 3 2000000000 1999999999 2 3 2000000000 1999999999 2 3 2000000000 1999999999 2 3 2000000000 1999999999 2 3 2000000000 1999999999 2 3 2000000000 1999999999 2 3 2000000000 1999999999 2 3 2000000000 1999999999 2 3 2000000000 1999999999 2 3 2000000000 1999999999 2 3 2000000000 1999999999 2 3 2000000000 1999999999 2 3 2000000000 1999999999 2 3 2000000000 1999999999 2 3 2000000000 1999999999 2 3 2000000000 1999999999 2 3 2000000000 1999999999 2 3 2000000000 1999999999 2 3 2000000000 1999999999 2 3 2000000000 1999999999 2 3 2000000000 1999999999 2 3 2000000000 1999999999 2 3 2000000000 1999999999 2 3 2000000000 1999999999 2 3 2000000000 1999999999 2 3 2000000000 1999999999 2 3 2000000000 1999999999 2 3 2000000000 1999999999 2 3 2000000000 1999999999 2 3 2000000000 1999999999 2 3 2000000000 1999999999 2 3 2000000000 1999999999 2 3 2000000000 1999999999 2 3 2000000000 1999999999 2 3 2000000000 1999999999 2 3 2000000000 1999999999 2 3 2000000000 1999999999 2 3 2000000000 1999999999 2 3 2000000000 1999999999 2 3 2000000000 1999999999 2 3 2000000000 1999999999 2 3 2000000000 1999999999 2 3 2000000000 1999999999 2 3 2000000000 1999999999 2 3 2000000000 1999999999 2 3 2000000000 1999999999 2 3 2000000000 1999999999 2 3 2000000000 1999999999 2 3 2000000000 1999999999 2 3 2000000000 1999999999 2 3 2000000000 1999999999 2 3 2000000000 1999999999 2 3 2000000000 1999999999 2 3 2000000000 1999999999 2 3 2000000000 1999999999 2 3 2000000000 1999999999 2 3 2000000000 1999999999 2 3 2000000000 1999999999 2 3 2000000000 1999999999 2 3 2000000000 1999999999 2 3 2000000000 1999999999 2 3 2000000000 1999999999 2 3 2000000000 1999999999 2 3 2000000000 1999999999 2 3 2000000000 1999999999 2 3 2000000000 1999999999 2 3 2000000000 1999999999 2 3 2000000000 1999999999 2 3 2000000000 1999999999 2 3 2000000000 1999999999 2 3 2000000000 1999999999 2 3 2000000000 1999999999 2 3 2000000000 1999999999 2 3 2000000000 1999999999 2 3 2000000000 1999999999 2 3 2000000000 1999999999 2 3 2000000000 1999999999 2 3 2000000000 1999999999 2 3 2000000000 1999999999 2 3 2000000000 1999999999 2 3 2000000000 1999999999 2 3 2000000000 1999999999 2 3 2000000000 1999999999 2 3 2000000000 1999999999 2 3 2000000000 1999999999 2 3 2000000000 1999999999 2 3 2000000000 1999999999 2 3 2000000000 1999999999 2 3 2000000000 1999999999 2 3 2000000000 1999999999 2 3 2000000000 1999999999 2 3 2000000000 1999999999 2 3 2000000000 1999999999 2 3 2000000000 1999999999 2 3 2000000000 1999999999 2 3 2000000000 1999999999 2 3 2000000000 1999999999 2 3 2000000000 1999999999 2 3 2000000000 1999999999 2 3 2000000000 1999999999 2 3 2000000000 1999999999 2 3 2000000000 1999999999 2 3 2000000000 1999999999 2 3 2000000000 1999999999 2 3 2000000000 1999999999 2 3 2000000000 1999999999 2 3 2000000000 1999999999 2 3 2000000000 1999999999 2 3 2000000000 1999999999 2 3 2000000000 1999999999 2 3 2000000000 1999999999 2 3 2000000000 1999999999 2 3 2000000000 1999999999 2 3 2000000000 1999999999 2 3 2000000000 1999999999 2 3 2000000000 1999999999 2 3 2000000000 1999999999 2 3 2000000000 1999999999 2 3 2000000000 1999999999 2 3 2000000000 1999999999 2 3 2000000000 1999999999 2 3 2000000000 1999999999 2 3 2000000000 1999999999 2 3 2000000000 1999999999 2 3 2000000000 1999999999 2 3 2000000000 1999999999 2 3 2000000000 1999999999 2 3 2000000000 1999999999 2 3 2000000000 1999999999 2 3 2000000000 1999999999 2 3 2000000000 1999999999 2 3 2000000000 1999999999 2 3 2000000000 1999999999 2 3 2000000000 1999999999 2 3 2000000000 1999999999 2 3 2000000000 1999999999 2 3 2000000000 1999999999 2 3 2000000000 1999999999 2 3 2000000000 1999999999 2 3 2000000000 1999999999 2 3 2000000000 1999999999 2 3 2000000000 1999999999 2 3 2000000000 1999999999 2 3 2000000000 1999999999 2 3 2000000000 1999999999 2 3 2000000000 1999999999 2 3 2000000000 1999999999 2 3 2000000000 1999999999 2 3 2000000000 1999999999 2 3 2000000000 1999999999 2 3 2000000000 1999999999 2 3 2000000000 1999999999 2 3 2000000000 1999999999 2 3 2000000000 1999999999 2 3 2000000000 1999999999 2 3 2000000000 1999999999 2 3 2000000000 1999999999 2 3 2000000000 1999999999 2 3 2000000000 1999999999 2 3 2000000000 1999999999 2 3 2000000000 1999999999 2 3 2000000000 1999999999 2 3 2000000000 1999999999 2 3 2000000000 1999999999 2 3 2000000000 1999999999 2 3 2000000000 1999999999 2 3 2000000000 1999999999 2 3 2000000000 1999999999 2 3 2000000000 1999999999 2 3 2000000000 1999999999 2 3 2000000000 1999999999 2 3 2000000000 1999999999 2 3 2000000000 1999999999 2 3 2000000000 1999999999 2 3 2000000000 1999999999 2 3 2000000000 1999999999 2 3 2000000000 1999999999 2 3 2000000000 1999999999 2 3 2000000000 1999999999 2 3 2000000000 1999999999 2 3 2000000000 1999999999 2 3 2000000000 1999999999 2 3 2000000000 1999999999 2 3 2000000000 1999999999 2 3 2000000000 1999999999 2 3 2000000000 1999999999 2 3 2000000000 1999999999 2 3 2000000000 1999999999 2 3 2000000000 1999999999 2 3 2000000000 1999999999 2 3 2000000000 1999999999 2 3 2000000000 1999999999 2 3 2000000000 1999999999 2 3 2000000000 1999999999 2 3 2000000000 1999999999 2 3 2000000000 1999999999 2 3 2000000000 1999999999 2 3 2000000000 1999999999 2 3 2000000000 1999999999 2 3 2000000000 1999999999 2 3 2000000000 1999999999 2 3 2000000000 1999999999 2 3 2000000000 1999999999 2 3 2000000000 1999999999 2 3 2000000000 1999999999 2 3 2000000000 1999999999 2 3 2000000000 1999999999 2 3 2000000000 1999999999 2 3 2000000000 1999999999 2 3 2000000000 1999999999 2 3 2000000000 1999999999 2 3 2000000000 1999999999 2 3 2000000000 1999999999 2 3 2000000000 1999999999 2 3 2000000000 1999999999 2 3 2000000000 1999999999 2 3 2000000000 1999999999 2 3 2000000000 1999999999 2 3 2000000000 1999999999 2 3 2000000000 1999999999 2 3 2000000000 1999999999 2 3 2000000000 1999999999 2 3 2000000000 1999999999 2 3 2000000000 1999999999 2 3 2000000000 1999999999 2 3 2000000000 1999999999 2 3 2000000000 1999999999 2 3 2000000000 1999999999 2 3 2000000000 1999999999 2 3 2000000000 1999999999 2 3 2000000000 1999999999 2 3 2000000000 1999999999 2 3 2000000000 1999999999 2 3 2000000000 1999999999 2 3 2000000000 1999999999 2 3 2000000000 1999999999 2 3 2000000000 1999999999 2 3 2000000000 1999999999 2 3 2000000000 1999999999 2 3 2000000000 1999999999 2 3 2000000000 1999999999 2 3 2000000000 1999999999 2 3 2000000000 1999999999 2 3 2000000000 1999999999 2 3 2000000000 1999999999 2 3 2000000000 1999999999 2 3 2000000000 1999999999 2 3 2000000000 1999999999 2 3 2000000000 1999999999 2 3 2000000000 1999999999 2 3 2000000000 1999999999 2 3 2000000000 1999999999 2 3 2000000000 1999999999 2 3 2000000000 1999999999 2 3 2000000000 1999999999 2 3 2000000000 1999999999 2 3 2000000000 1999999999 2 3 2000000000 1999999999 2 3 2000000000 1999999999 2 3 2000000000 1999999999 2 3 2000000000 1999999999 2 3 2000000000 1999999999 2 3 2000000000 1999999999 2 3 2000000000 1999999999 2 3 2000000000 1999999999 2 3 2000000000 1999999999 2 3 2000000000 1999999999 2 3 2000000000 1999999999 2 3 2000000000 1999999999 2 3 2000000000 1999999999 2 3 2000000000 1999999999 2 3 2000000000 1999999999 2 3 2000000000 1999999999 2 3 2000000000 1999999999 2 3 2000000000 1999999999 2 3 2000000000 1999999999 2 3 2000000000 1999999999 2 3 2000000000 1999999999 2 3 2000000000 1999999999 2 3 2000000000 1999999999 2 3 2000000000 1999999999 2 3 2000000000 1999999999 2 3 2000000000 1999999999 2 3 2000000000 1999999999 2 3 2000000000 1999999999 2 3 2000000000 1999999999 2 3 2000000000 1999999999 2 3 2000000000 1999999999 2 3 2000000000 1999999999 2 3 2000000000 1999999999 2 3 2000000000 1999999999 2 3 2000000000 1999999999 2 3 2000000000 1999999999 2 3 2000000000 1999999999 2 3 2000000000 1999999999 2 3 2000000000 1999999999 2 3 2000000000 1999999999 2 3 2000000000 1999999999 2 3 2000000000 1999999999 2 3 2000000000 1999999999 2 3 2000000000 1999999999 2 3 2000000000 1999999999 2 3 2000000000 1999999999 2 3 2000000000 1999999999 2 3 2000000000 1999999999 2 3 2000000000 1999999999 2 3 2000000000 1999999999 2 3 2000000000 1999999999 2 3 2000000000 1999999999 2 3 2000000000 1999999999 2 3 2000000000 1999999999 2 3 2000000000 1999999999 2 3 2000000000 1999999999 2 3 2000000000 1999999999 2 3 2000000000 1999999999 2 3 2000000000 1999999999 2 3 2000000000 1999999999 2 3 2000000000 1999999999 2 3 2000000000 1999999999 2 3 2000000000 1999999999 2 3 2000000000 1999999999 2 3 2000000000 1999999999 2 3 2000000000 1999999999 2 3 2000000000 1999999999 2 3 2000000000 1999999999 2 3 2000000000 1999999999 2 3 2000000000 1999999999 2 3 2000000000 1999999999 2 3 2000000000 1999999999 2 3 2000000000 1999999999 2 3 2000000000 1999999999 2 3 2000000000 1999999999 2 3 2000000000 1999999999 2 3 2000000000 1999999999 2 3 2000000000 1999999999 2 3 2000000000 1999999999 2 3 2000000000 1999999999 2 3 2000000000 1999999999 2 3 2000000000 1999999999 2 3 2000000000 1999999999 2 3 2000000000 1999999999 2 3 2000000000 1999999999 2 3 2000000000 1999999999 2 3 2000000000 1999999999 2 3 2000000000 1999999999 2 3 2000000000 1999999999 2 3 2000000000 1999999999 2 3 2000000000 1999999999 2 3 2000000000 1999999999 2 3 2000000000 1999999999 2 3 2000000000 1999999999 2 3 2000000000 1999999999 2 3 2000000000 1999999999 2 3 2000000000 1999999999 2 3 2000000000 1999999999 2 3 2000000000 1999999999 2 3 2000000000 1999999999 2 3 2000000000 1999999999 2 3 2000000000 1999999999 2 3 2000000000 1999999999 2 3 2000000000 1999999999 2 3 2000000000 1999999999 2 3 2000000000 1999999999 2 3 2000000000 1999999999 2 3 2000000000 1999999999 2 3 2000000000 1999999999 2 3 2000000000 1999999999 2 3 2000000000 1999999999 2 3 2000000000 1999999999 2 3 2000000000 1999999999 2 3 2000000000 1999999999 2 3 2000000000 1999999999 2 3 2000000000 1999999999 2 3 2000000000 1999999999 2 3 2000000000 1999999999 2 3 2000000000 1999999999 2 3 2000000000 1999999999 2 3 2000000000 1999999999 2 3 2000000000 1999999999 2 3 2000000000 1999999999 2 3 2000000000 1999999999 2 3 2000000000 1999999999 2 3 2000000000 1999999999 2 3 2000000000 1999999999 2 3 2000000000 1999999999 2 3 2000000000 1999999999 2 3 2000000000 1999999999 2 3 2000000000 1999999999 2 3 2000000000 1999999999 2 3 2000000000 1999999999 2 3 2000000000 1999999999 2 3 2000000000 1999999999 2 3 2000000000 1999999999 2 3 2000000000 1999999999 2 3 2000000000 1999999999 2 3 2000000000 1999999999 2 3 2000000000 1999999999 2 3 2000000000 1999999999 2 3 2000000000 1999999999 2 3 2000000000 1999999999 2 3 2000000000 1999999999 2 3 2000000000 1999999999 2 3 2000000000 1999999999 2 3 2000000000 1999999999 2 3 2000000000 1999999999 2 3 2000000000 1999999999 2 3 2000000000 1999999999 2 3 2000000000 1999999999 2 3 2000000000 1999999999 2 3 2000000000 1999999999 2 3 2000000000 1999999999 2 3 2000000000 1999999999 2 3 2000000000 1999999999 2 3 2000000000 1999999999 2 3 2000000000 1999999999 2 3 2000000000 1999999999 2 3 2000000000 1999999999 2 3 2000000000 1999999999 2 3 2000000000 1999999999 2 3 2000000000 1999999999 2 3 2000000000 1999999999 2 3 2000000000 1999999999 2 3 2000000000 1999999999 2 3 2000000000 1999999999 2 3 2000000000 1999999999 2 3 2000000000 1999999999 2 3 2000000000 1999999999 2 3 2000000000 1999999999 2 3 2000000000 1999999999 2 3 2000000000 1999999999 2 3 2000000000 1999999999 2 3 2000000000 1999999999 2 3 2000000000 1999999999 2 3 2000000000 1999999999 2 3 2000000000 1999999999 2 3 2000000000 1999999999 2 3 2000000000 1999999999 2 3 2000000000 1999999999 2 3 2000000000 1999999999 2 3 2000000000 1999999999 2 3 2000000000 1999999999 2 3 2000000000 1999999999 2 3 2000000000 1999999999 2 3 2000000000 1999999999 2 3 2000000000 1999999999 2 3 2000000000 1999999999 2 3 2000000000 1999999999 2 3 2000000000 1999999999 2 3 2000000000 1999999999 2 3 2000000000 1999999999 2 3 2000000000 1999999999 2 3 2000000000 1999999999 2 3 2000000000 1999999999 2 3 2000000000 1999999999 2 3 2000000000 1999999999 2 3 2000000000 1999999999 2 3 2000000000 1999999999 2 3 2000000000 1999999999 2 3 2000000000 1999999999 2 3 2000000000 1999999999 2 3 2000000000 1999999999 2 3 2000000000 1999999999 2 3 2000000000 1999999999 2 3 2000000000 1999999999 2 3 2000000000 1999999999 2 3 2000000000 1999999999 2 3 2000000000 1999999999 2 3 2000000000 1999999999 2 3 2000000000 1999999999 2 3 2000000000 1999999999 2 3 2000000000 1999999999 2 3 2000000000 1999999999 2 3 2000000000 1999999999 2 3 2000000000 1999999999 2 3 2000000000 1999999999 2 3 2000000000 1999999999 2 3 2000000000 1999999999 2 3 2000000000 1999999999 2 3 2000000000 1999999999 2 3 2000000000 1999999999 2 3 2000000000 1999999999 2 3 2000000000 1999999999 2 3 2000000000 1999999999 2 3 2000000000 1999999999 2 3 2000000000 1999999999 2 3 2000000000 1999999999 2 3 2000000000 1999999999 2 3 2000000000 1999999999 2 3 2000000000 1999999999 2 3 2000000000 1999999999 2 3 2000000000 1999999999 2 3 2000000000 1999999999 2 3 2000000000 1999999999 2 3 2000000000 1999999999 2 3 2000000000 1999999999 2 3 2000000000 1999999999 2 3 2000000000 1999999999 2 3 2000000000 1999999999 2 3 2000000000 1999999999 2 3 2000000000 1999999999 2 3 2000000000 1999999999 2 3 2000000000 1999999999 2 3 2000000000 1999999999 2 3 2000000000 1999999999 2 3 2000000000 1999999999 2 3 2000000000 1999999999 2 3 2000000000 1999999999 2 3 2000000000 1999999999 2 3 2000000000 1999999999 2 3 2000000000 1999999999 2 3 2000000000 1999999999 2 3 2000000000 1999999999 2 3 2000000000 1999999999 2 3 2000000000 1999999999 2 3 2000000000 1999999999 2 3 2000000000 1999999999 2 3 2000000000 1999999999 2 3 2000000000 1999999999 2 3 2000000000 1999999999 2 3 2000000000 1999999999 2 3 2000000000 1999999999 2 3 2000000000 1999999999 2 3 2000000000 1999999999 2 3 2000000000 1999999999 2 3 2000000000 1999999999 2 3 2000000000 1999999999 2 3 2000000000 1999999999 2 3 2000000000 1999999999 2 3 2000000000 1999999999 2 3 2000000000 1999999999 2 3 2000000000 1999999999 2 3 2000000000 1999999999 2 3 2000000000 1999999999 2 3 2000000000 1999999999 2 3 2000000000 1999999999 2 3 2000000000 1999999999 2 3 2000000000 1999999999 2 3 2000000000 1999999999 2 3 2000000000 1999999999 2 3 2000000000 1999999999 2 3 2000000000 1999999999 2 3 2000000000 1999999999 2 3 2000000000 1999999999 2 3 2000000000 1999999999 2 3 2000000000 1999999999 2 3 2000000000 1999999999 2 3 2000000000 1999999999 2 3 2000000000 1999999999 2 3 2000000000 1999999999 2 3 2000000000 1999999999 2 3 2000000000 1999999999 2 3 2000000000 1999999999 2 3 2000000000 1999999999 2 3 2000000000 1999999999 2 3 2000000000 1999999999 2 3 2000000000 1999999999 2 3 2000000000 1999999999 2 3 2000000000 1999999999 2 3 2000000000 1999999999 2 3 2000000000 1999999999 2 3 2000000000 1999999999 2 3 2000000000 1999999999 2 3 2000000000 1999999999 2 3 2000000000 1999999999 2 3 2000000000 1999999999 2 3 2000000000 1999999999 2 3 2000000000 1999999999 2 3 2000000000 1999999999 2 3 2000000000 1999999999 2 3 2000000000 1999999999 2 3 2000000000 1999999999 2 3 2000000000 1999999999 2 3 2000000000 1999999999 2 3 2000000000 1999999999 2 3 2000000000 1999999999 2 3 2000000000 1999999999 2 3 2000000000 1999999999 2 3 2000000000 1999999999 2 3 2000000000 1999999999 2 3 2000000000 1999999999 2 3 2000000000 1999999999 2 3 2000000000 1999999999 2 3 2000000000 1999999999 2 3 2000000000 1999999999 2 3 2000000000 1999999999 2 3 2000000000 1999999999 2 3 2000000000 1999999999 2 3 2000000000 1999999999 2 3 2000000000 1999999999 2 3 2000000000 1999999999 2 3 2000000000 1999999999 2 3 2000000000 1999999999 2 3 2000000000 1999999999 2 3 2000000000 1999999999 2 3 2000000000 1999999999 2 3 2000000000 1999999999 2 3 2000000000 1999999999 2 3 2000000000 1999999999 2 3 2000000000 1999999999 2 3 2000000000 1999999999 2 3 2000000000 1999999999 2 3 2000000000 1999999999 2 3 2000000000 1999999999 2 3 2000000000 1999999999 2 3 2000000000 1999999999 2 3 2000000000 1999999999 2 3 2000000000 1999999999 2 3 2000000000 1999999999 2 3 2000000000 1999999999 2 3 2000000000 1999999999 2 3 2000000000 1999999999 2 3 2000000000 1999999999 2 3 2000000000 1999999999 2 3 2000000000 1999999999 2 3 2000000000 1999999999 2 3 2000000000 1999999999 2 3 2000000000 1999999999 2 3 2000000000 1999999999 2 3 2000000000 1999999999 2 3 2000000000 1999999999 2 3 2000000000 1999999999 2 3 2000000000 1999999999 2 3 2000000000 1999999999 2 3 2000000000 1999999999 2 3 2000000000 1999999999 2 3 2000000000 1999999999 2 3 2000000000 1999999999 2 3 2000000000 1999999999 2 3 2000000000 1999999999 2 3 2000000000 1999999999 2 3 2000000000 1999999999 2 3 2000000000 1999999999 2 3 2000000000 1999999999 2 3 2000000000 1999999999 2 3 2000000000 1999999999 2 3 2000000000 1999999999 2 3 2000000000 1999999999 2 3 2000000000 1999999999 2 3 2000000000 1999999999 2 3 2000000000 1999999999 2 3 2000000000 1999999999 2 3 2000000000 1999999999 2 3 2000000000 1999999999 2 3 2000000000 1999999999 2 3 2000000000 1999999999 2 3 2000000000 1999999999 2 3 2000000000 1999999999 2 3 2000000000 1999999999 2 3 2000000000 1999999999 2 3 2000000000 1999999999 2 3 2000000000 1999999999 2 3 2000000000 1999999999 2 3 2000000000 1999999999 2 3 2000000000 1999999999 2 3 2000000000 1999999999 2 3 2000000000 1999999999 2 3 2000000000 1999999999 2 3 2000000000 1999999999 2 3 2000000000 1999999999 2 3 2000000000 1999999999 2 3 2000000000 1999999999 2 3 2000000000 1999999999 2 3 2000000000 1999999999 2 3 2000000000 1999999999 2 3 2000000000 1999999999 2 3 2000000000 1999999999 2 3 2000000000 1999999999 2 3 2000000000 1999999999 2 3 2000000000 1999999999 2 3 2000000000 1999999999 2 3 2000000000 1999999999 2 3 2000000000 1999999999 2 3 2000000000 1999999999 2 3 2000000000 1999999999 2 3 2000000000 1999999999 2 3 2000000000 1999999999 2 3 2000000000 1999999999 2 3 2000000000 1999999999 2 3 2000000000 1999999999 2 3 2000000000 1999999999 2 3 2000000000 1999999999 2 3 2000000000 1999999999 2 3 2000000000 1999999999 2 3 2000000000 1999999999 2 3 2000000000 1999999999 2 3 2000000000 1999999999 2 3 2000000000 1999999999 2 3 2000000000 1999999999 2 3 2000000000 1999999999 2 3 2000000000 1999999999 2 3 2000000000 1999999999 2 3 2000000000 1999999999 2 3 2000000000 1999999999 2 3 2000000000 1999999999 2 3 2000000000 1999999999 2 3 2000000000 1999999999 2 3 2000000000 1999999999 2 3 2000000000 1999999999 2 3 2000000000 1999999999 2 3 2000000000 1999999999 2 3 2000000000 1999999999 2 3 2000000000 1999999999 2 3 2000000000 1999999999 2 3 2000000000 1999999999 2 3 2000000000 1999999999 2 3 2000000000 1999999999 2 3 2000000000 1999999999 2 3 2000000000 1999999999 2 3 2000000000 1999999999 2 3 2000000000 1999999999 2 3 2000000000 1999999999 2 3 2000000000 1999999999 2 3 2000000000 1999999999 2 3 2000000000 1999999999 2 3 2000000000 1999999999 2 3 2000000000 1999999999 2 3 2000000000 1999999999 2 3 2000000000 1999999999 2 3 2000000000 1999999999 2 3 2000000000 1999999999 2 3 2000000000 1999999999 2 3 2000000000 1999999999 2 3 2000000000 1999999999 2 3 2000000000 1999999999 2 3 2000000000 1999999999 2 3 2000000000 1999999999 2 3 2000000000 1999999999 2 3 2000000000 1999999999 2 3 2000000000 1999999999 2 3 2000000000 1999999999 2 3 2000000000 1999999999 2 3 2000000000 1999999999 2 3 2000000000 1999999999 2 3 2000000000 1999999999 2 3 2000000000 1999999999 2 3 2000000000 1999999999 2 3 2000000000 1999999999 2 3 2000000000 1999999999 2 3 2000000000 1999999999 2 3 2000000000 1999999999 2 3 2000000000 1999999999 2 3 2000000000 1999999999 2 3 2000000000 1999999999 2 3 2000000000 1999999999 2 3 2000000000 1999999999 2 3 2000000000 1999999999 2 3 2000000000 1999999999 2 3 2000000000 1999999999 2 3 2000000000 1999999999 2 3 2000000000 1999999999 2 3 2000000000 1999999999 2 3 2000000000 1999999999 2 3 2000000000 1999999999 2 3 2000000000 1999999999 2 3 2000000000 1999999999 2 3 2000000000 1999999999 2 3 2000000000 1999999999 2 3 2000000000 1999999999 2 3 2000000000 1999999999 2 3 2000000000 1999999999 2 3 2000000000 1999999999 2 3 2000000000 1999999999 2 3 2000000000 1999999999 2 3 2000000000 1999999999 2 3 2000000000 1999999999 2 3 2000000000 1999999999 2 3 2000000000 1999999999 2 3 2000000000 1999999999 2 3 2000000000 1999999999 2 3 2000000000 1999999999 2 3 2000000000 1999999999 2 3 2000000000 1999999999 2 3 2000000000 1999999999 2 3 2000000000 1999999999 2 3 2000000000 1999999999 2 3 2000000000 1999999999 2 3 2000000000 1999999999 2 3 2000000000 1999999999 2 3 2000000000 1999999999 2 3 2000000000 1999999999 2 3 2000000000 1999999999 2 3 2000000000 1999999999 2 3 2000000000 1999999999 2 3 2000000000 1999999999 2 3 2000000000 1999999999 2 3 2000000000 1999999999 2 3 2000000000 1999999999 2 3 2000000000 1999999999 2 3 2000000000 1999999999 2 3 2000000000 1999999999 2 3 2000000000 1999999999 2 3 2000000000 1999999999 2 3 2000000000 1999999999 2 3 2000000000 1999999999 2 3 2000000000 1999999999 2 3 2000000000 1999999999 2 3 2000000000 1999999999 2 3 2000000000 1999999999 2 3 2000000000 1999999999 2 3 2000000000 1999999999 2 3 2000000000 1999999999 2 3 2000000000 1999999999 2 3 2000000000 1999999999 2 3 2000000000 1999999999 2 3 2000000000 1999999999 2 3 2000000000 1999999999 2 3 2000000000 1999999999 2 3 2000000000 1999999999 2 3 2000000000 1999999999 2 3 2000000000 1999999999 2 3 2000000000 1999999999 2 3 2000000000 1999999999 2 3 2000000000 1999999999 2 3 2000000000 1999999999 2 3 2000000000 1999999999 2 3 2000000000 1999999999 2 3 2000000000 1999999999 2 3 2000000000 1999999999 2 3 2000000000 1999999999 2 3 2000000000 1999999999 2 3 2000000000 1999999999 2 3 2000000000 1999999999 2 3 2000000000 1999999999 2 3 2000000000 1999999999 2 3 2000000000 1999999999 2 3 2000000000 1999999999 2 3 2000000000 1999999999 2 3 2000000000 1999999999 2 3 2000000000 1999999999 2 3 2000000000 1999999999 2 3 2000000000 1999999999 2 3 2000000000 1999999999 2 3 2000000000 1999999999 2 3 2000000000 1999999999 2 3 2000000000 1999999999 2 3 2000000000 1999999999 2 3 2000000000 1999999999 2 3 2000000000 1999999999 2 3 2000000000 1999999999 2 3 2000000000 1999999999 2 3 2000000000 1999999999 2 3 2000000000 1999999999 2 3 2000000000 1999999999 2 3 2000000000 1999999999 2 3 2000000000 1999999999 2 3 2000000000 1999999999 2 3 2000000000 1999999999 2 3 2000000000 1999999999 2 3 2000000000 1999999999 2 3 2000000000 1999999999 2 3 2000000000 1999999999 2 3 2000000000 1999999999 2 3 2000000000 1999999999 2 3 2000000000 1999999999 2 3 2000000000 1999999999 2 3 2000000000 1999999999 2 3 2000000000 1999999999 2 3 2000000000 1999999999 2 3 2000000000 1999999999 2 3 2000000000 1999999999 2 3 2000000000 1999999999 2 3 2000000000 1999999999 2 3 2000000000 1999999999 2 3 2000000000 1999999999 2 3 2000000000 1999999999 2 3 2000000000 1999999999 2 3 2000000000 1999999999 2 3 2000000000 1999999999 2 3 2000000000 1999999999 2 3 2000000000 1999999999 2 3 2000000000 1999999999 2 3 2000000000 1999999999 2 3 2000000000 1999999999 2 3 2000000000 1999999999 2 3 2000000000 1999999999 2 3 2000000000 1999999999 2 3 2000000000 1999999999 2 3 2000000000 1999999999 2 3 2000000000 1999999999 2 3 2000000000 1999999999 2 3 2000000000 1999999999 2 3 2000000000 1999999999 2 3 2000000000 1999999999 2 3 2000000000 1999999999 2 3 2000000000 1999999999 2 3 2000000000 1999999999 2 3 2000000000 1999999999 2 3 2000000000 1999999999 2 3 2000000000 1999999999 2 3 2000000000 1999999999 2 3 2000000000 1999999999 2 3 2000000000 1999999999 2 3 2000000000 1999999999 2 3 2000000000 1999999999 2 3 2000000000 1999999999 2 3 2000000000 1999999999 2 3 2000000000 1999999999 2 3 2000000000 1999999999 2 3 2000000000 1999999999 2 3 2000000000 1999999999 2 3 2000000000 1999999999 2 3 2000000000 1999999999 2 3 2000000000 1999999999 2 3 2000000000 1999999999 2 3 2000000000 1999999999 2 3 2000000000 1999999999 2 3 2000000000 1999999999 2 3 2000000000 1999999999 2 3 2000000000 1999999999 2 3 2000000000 1999999999 2 3 2000000000 1999999999 2 3 2000000000 1999999999 2 3 2000000000 1999999999 2 3 2000000000 1999999999 2 3 2000000000 1999999999 2 3 2000000000 1999999999 2 3 2000000000 1999999999 2 3 2000000000 1999999999 2 3 2000000000 1999999999 2 3 2000000000 1999999999 2 3 2000000000 1999999999 2 3 2000000000 1999999999 2 3 2000000000 1999999999 2 3 2000000000 1999999999 2 3 2000000000 1999999999 2 3 2000000000 1999999999 2 3 2000000000 1999999999 2 3 2000000000 1999999999 2 3 2000000000 1999999999 2 3 2000000000 1999999999 2 3 2000000000 1999999999 2 3 2000000000 1999999999 2 3 2000000000 1999999999 2 3 2000000000 1999999999 2 3 2000000000 1999999999 2 3 2000000000 1999999999 2 3 2000000000 1999999999 2 3 2000000000 1999999999 2 3 2000000000 1999999999 2 3 2000000000 1999999999 2 3 2000000000 1999999999 2 3 2000000000 1999999999 2 3 2000000000 1999999999 2 3 2000000000 1999999999 2 3 2000000000 1999999999 2 3 2000000000 1999999999 2 3 2000000000 1999999999 2 3 2000000000 1999999999 2 3 2000000000 1999999999 2 3 2000000000 1999999999 2 3 2000000000 1999999999 2 3 2000000000 1999999999 2 3 2000000000 1999999999 2 3 2000000000 1999999999 2 3 2000000000 1999999999 2 3 2000000000 1999999999 2 3 2000000000 1999999999 2 3 2000000000 1999999999 2 3 2000000000 1999999999 2 3 2000000000 1999999999 2 3 2000000000 1999999999 2 3 2000000000 1999999999 2 3 2000000000 1999999999 2 3 2000000000 1999999999 2 3 2000000000 1999999999 2 3 2000000000 1999999999 2 3 2000000000 1999999999 2 3 2000000000 1999999999 2 3 2000000000 1999999999 2 3 2000000000 1999999999 2 3 2000000000 1999999999 2 3 2000000000 1999999999 2 3 2000000000 1999999999 2 3 2000000000 1999999999 2 3 2000000000 1999999999 2 3 2000000000 1999999999 2 3 2000000000 1999999999 2 3 2000000000 1999999999 2 3 2000000000 1999999999 2 3 2000000000 1999999999 2 3 2000000000 1999999999 2 3 2000000000 1999999999 2 3 2000000000 1999999999 2 3 2000000000 1999999999 2 3 2000000000 1999999999 2 3 2000000000 1999999999 2 3 2000000000 1999999999 2 3 2000000000 1999999999 2 3 2000000000 1999999999 2 3 2000000000 1999999999 2 3 2000000000 1999999999 2 3 2000000000 1999999999 2 3 2000000000 1999999999 2 3 2000000000 1999999999 2 3 2000000000 1999999999 2 3 2000000000 1999999999 2 3 2000000000 1999999999 2 3 2000000000 1999999999 2 3 2000000000 1999999999 2 3 2000000000 1999999999 2 3 2000000000 1999999999 2 3 2000000000 1999999999 2 3 2000000000 1999999999 2 3 2000000000 1999999999 2 3 2000000000 1999999999 2 3 2000000000 1999999999 2 3 2000000000 1999999999 2 3 2000000000 1999999999 2 3 2000000000 1999999999 2 3 2000000000 1999999999 2 3 2000000000 1999999999 2 3 2000000000 1999999999 2 3 2000000000 1999999999 2 3 2000000000 1999999999 2 3 2000000000 1999999999 2 3 2000000000 1999999999 2 3 2000000000 1999999999 2 3 2000000000 1999999999 2 3 2000000000 1999999999 2 3 2000000000 1999999999 2 3 2000000000 1999999999 2 3 2000000000 1999999999 2 3 2000000000 1999999999 2 3 2000000000 1999999999 2 3 2000000000 1999999999 2 3 2000000000 1999999999 2 3 2000000000 1999999999 2 3 2000000000 1999999999 2 3 2000000000 1999999999 2 3 2000000000 1999999999 2 3 2000000000 1999999999 2 3 2000000000 1999999999 2 3 2000000000 1999999999 2 3 2000000000 1999999999 2 3 2000000000 1999999999 2 3 2000000000 1999999999 2 3 2000000000 1999999999 2 3 2000000000 1999999999 2 3 2000000000 1999999999 2 3 2000000000 1999999999 2 3 2000000000 1999999999 2 3 2000000000 1999999999 2 3 2000000000 1999999999 2 3 2000000000 1999999999 2 3 2000000000 1999999999 2 3 2000000000 1999999999 2 3 2000000000 1999999999 2 3 2000000000 1999999999 2 3 2000000000 1999999999 2 3 2000000000 1999999999 2 3 2000000000 1999999999 2 3 2000000000 1999999999 2 3 2000000000 1999999999 2 3 2000000000 1999999999 2 3 2000000000 1999999999 2 3 2000000000 1999999999 2 3 2000000000 1999999999 2 3 2000000000 1999999999 2 3 2000000000 1999999999 2 3 2000000000 1999999999 2 3 2000000000 1999999999 2 3 2000000000 1999999999 2 3 2000000000 1999999999 2 3 2000000000 1999999999 2 3 2000000000 1999999999 2 3 2000000000 1999999999 2 3 2000000000 1999999999 2 3 2000000000 1999999999 2 3 2000000000 1999999999 2 3 2000000000 1999999999 2 3 2000000000 1999999999 2 3 2000000000 1999999999 2 3 2000000000 1999999999 2 3 2000000000 1999999999 2 3 2000000000 1999999999 2 3 2000000000 1999999999 2 3 2000000000 1999999999 2 3 2000000000 1999999999 2 3 2000000000 1999999999 2 3 2000000000 1999999999 2 3 2000000000 1999999999 2 3 2000000000 1999999999 2 3 2000000000 1999999999 2 3 2000000000 1999999999 2 3 2000000000 1999999999 2 3 2000000000 1999999999 2 3 2000000000 1999999999 2 3 2000000000 1999999999 2 3 2000000000 1999999999 2 3 2000000000 1999999999 2 3 2000000000 1999999999 2 3 2000000000 1999999999 2 3 2000000000 1999999999 2 3 2000000000 1999999999 2 3 2000000000 1999999999 2 3 2000000000 1999999999 2 3 2000000000 1999999999 2 3 2000000000 1999999999 2 3 2000000000 1999999999 2 3 2000000000 1999999999 2 3 2000000000 1999999999 2 3 2000000000 1999999999 2 3 2000000000 1999999999 2 3 2000000000 1999999999 2 3 2000000000 1999999999 2 3 2000000000 1999999999 2 3 2000000000 1999999999 2 3 2000000000 1999999999 2 3 2000000000 1999999999 2 3 2000000000 1999999999 2 3 2000000000 1999999999 2 3 2000000000 1999999999 2 3 2000000000 1999999999 2 3 2000000000 1999999999 2 3 2000000000 1999999999 2 3 2000000000 1999999999 2 3 2000000000 1999999999 2 3 2000000000 1999999999 2 3 2000000000 1999999999 2 3 2000000000 1999999999 2 3 2000000000 1999999999 2 3 2000000000 1999999999 2 3 2000000000 1999999999 2 3 2000000000 1999999999 2 3 2000000000 1999999999 2 3 2000000000 1999999999 2 3 2000000000 1999999999 2 3 2000000000 1999999999 2 3 2000000000 1999999999 2 3 2000000000 1999999999 2 3 2000000000 1999999999 2 3 2000000000 1999999999 2 3 2000000000 1999999999 2 3 2000000000 1999999999 2 3 2000000000 1999999999 2 3 2000000000 1999999999 2 3 2000000000 1999999999 2 3 2000000000 1999999999 2 3 2000000000 1999999999 2 3 2000000000 1999999999 2 3 2000000000 1999999999 2 3 2000000000 1999999999 2 3 2000000000 1999999999 2 3 2000000000 1999999999 2 3 2000000000 1999999999 2 3 2000000000 1999999999 2 3 2000000000 1999999999 2 3 2000000000 1999999999 2 3 2000000000 1999999999 2 3 2000000000 1999999999 2 3 2000000000 1999999999 2 3 2000000000 1999999999 2 3 2000000000 1999999999 2 3 2000000000 1999999999 2 3 2000000000 1999999999 2 3 2000000000 1999999999 2 3 2000000000 1999999999 2 3 2000000000 1999999999 2 3 2000000000 1999999999 2 3 2000000000 1999999999 2 3 2000000000 1999999999 2 3 2000000000 1999999999 2 3 2000000000 1999999999 2 3 2000000000 1999999999 2 3 2000000000 1999999999 2 3 2000000000 1999999999 2 3 2000000000 1999999999 2 3 2000000000 1999999999 2 3 2000000000 1999999999 2 3 2000000000 1999999999 2 3 2000000000 1999999999 2 3 2000000000 1999999999 2 3 2000000000 1999999999 2 3 2000000000 1999999999 2 3 2000000000 1999999999 2 3 2000000000 1999999999 2 3 2000000000 1999999999 2 3 2000000000 1999999999 2 3 2000000000 1999999999 2 3 2000000000 1999999999 2 3 2000000000 1999999999 2 3 2000000000 1999999999 2 3 2000000000 1999999999 2 3 2000000000 1999999999 2 3 2000000000 1999999999 2 3 2000000000 1999999999 2 3 2000000000 1999999999 2 3 2000000000 1999999999 2 3 2000000000 1999999999 2 3 2000000000 1999999999 2 3 2000000000 1999999999 2 3 2000000000 1999999999 2 3 2000000000 1999999999 2 3 2000000000 1999999999 2 3 2000000000 1999999999 2 3 2000000000 1999999999 2 3 2000000000 1999999999 2 3 2000000000 1999999999 2 3 2000000000 1999999999 2 3 2000000000 1999999999 2 3 2000000000 1999999999 2 3 2000000000 1999999999 2 3 2000000000 1999999999 2 3 2000000000 1999999999 2 3 2000000000 1999999999 2 3 2000000000 1999999999 2 3 2000000000 1999999999 2 3 2000000000 1999999999 2 3 2000000000 1999999999 2 3 2000000000 1999999999 2 3 2000000000 1999999999 2 3 2000000000 1999999999 2 3 2000000000 1999999999 2 3 2000000000 1999999999 2 3 2000000000 1999999999 2 3 2000000000 1999999999 2 3 2000000000 1999999999 2 3 2000000000 1999999999 2 3 2000000000 1999999999 2 3 2000000000 1999999999 2 3 2000000000 1999999999 2 3 2000000000 1999999999 2 3 2000000000 1999999999 2 3 2000000000 1999999999 2 3 2000000000 1999999999 2 3 2000000000 1999999999 2 3 2000000000 1999999999 2 3 2000000000 1999999999 2 3 2000000000 1999999999 2 3 2000000000 1999999999 2 3 2000000000 1999999999 2 3 2000000000 1999999999 2 3 2000000000 1999999999 2 3 2000000000 1999999999 2 3 2000000000 1999999999 2 3 2000000000 1999999999 2 3 2000000000 1999999999 2 3 2000000000 1999999999 2 3 2000000000 1999999999 2 3 2000000000 1999999999 2 3 2000000000 1999999999 2 3 2000000000 1999999999 2 3 2000000000 1999999999 2 3 2000000000 1999999999 2 3 2000000000 1999999999 2 3 2000000000 1999999999 2 3 2000000000 1999999999 2 3 2000000000 1999999999 2 3 2000000000 1999999999 2 3 2000000000 1999999999 2 3 2000000000 1999999999 2 3 2000000000 1999999999 2 3 2000000000 1999999999 2 3 2000000000 1999999999 2 3 2000000000 1999999999 2 3 2000000000 1999999999 2 3 2000000000 1999999999 2 3 2000000000 1999999999 2 3 2000000000 1999999999 2 3 2000000000 1999999999 2 3 2000000000 1999999999 2 3 2000000000 1999999999 2 3 2000000000 1999999999 2 3 2000000000 1999999999 2 3 2000000000 1999999999 2 3 2000000000 1999999999 2 3 2000000000 1999999999 2 3 2000000000 1999999999 2 3 2000000000 1999999999 2 3 2000000000 1999999999 2 3 2000000000 1999999999 2 3 2000000000 1999999999 2 3 2000000000 1999999999 2 3 2000000000 1999999999 2 3 2000000000 1999999999 2 3 2000000000 1999999999 2 3 2000000000 1999999999 2 3 2000000000 1999999999 2 3 2000000000 1999999999 2 3 2000000000 1999999999 2 3 2000000000 1999999999 2 3 2000000000 1999999999 2 3 2000000000 1999999999 2 3 2000000000 1999999999 2 3 2000000000 1999999999 2 3 2000000000 1999999999 2 3 2000000000 1999999999 2 3 2000000000 1999999999 2 3 2000000000 1999999999 2 3 2000000000 1999999999 2 3 2000000000 1999999999 2 3 2000000000 1999999999 2 3 2000000000 1999999999 2 3 2000000000 1999999999 2 3 2000000000 1999999999 2 3 2000000000 1999999999 2 3 2000000000 1999999999 2 3 2000000000 1999999999 2 3 2000000000 1999999999 2 3 2000000000 1999999999 2 3 2000000000 1999999999 2 3 2000000000 1999999999 2 3 2000000000 1999999999 2 3 2000000000 1999999999 2 3 2000000000 1999999999 2 3 2000000000 1999999999 2 3 2000000000 1999999999 2 3 2000000000 1999999999 2 3 2000000000 1999999999 2 3 2000000000 1999999999 2 3 2000000000 1999999999 2 3 2000000000 1999999999 2 3 2000000000 1999999999 2 3 2000000000 1999999999 2 3 2000000000 1999999999 2 3 2000000000 1999999999 2 3 2000000000 1999999999 2 3 2000000000 1999999999 2 3 2000000000 1999999999 2 3 2000000000 1999999999 2 3 2000000000 1999999999 2 3 2000000000 1999999999 2 3 2000000000 1999999999 2 3 2000000000 1999999999 2 3 2000000000 1999999999 2 3 2000000000 1999999999 2 3 2000000000 1999999999 2 3 2000000000 1999999999 2 3 2000000000 1999999999 2 3 2000000000 1999999999 2 3 2000000000 1999999999 2 3 2000000000 1999999999 2 3 2000000000 1999999999 2 3 2000000000 1999999999 2 3 2000000000 1999999999 2 3 2000000000 1999999999 2 3 2000000000 1999999999 2 3 2000000000 1999999999 2 3 2000000000 1999999999 2 3 2000000000 1999999999 2 3 2000000000 1999999999 2 3 2000000000 1999999999 2 3 2000000000 1999999999 2 3 2000000000 1999999999 2 3 2000000000 1999999999 2 3 2000000000 1999999999 2 3 2000000000 1999999999 2 3 2000000000 1999999999 2 3 2000000000 1999999999 2 3 2000000000 1999999999 2 3 2000000000 1999999999 2 3 2000000000 1999999999 2 3 2000000000 1999999999 2 3 2000000000 1999999999 2 3 2000000000 1999999999 2 3 2000000000 1999999999 2 3 2000000000 1999999999 2 3 2000000000 1999999999 2 3 2000000000 1999999999 2 3 2000000000 1999999999 2 3 2000000000 1999999999 2 3 2000000000 1999999999 2 3 2000000000 1999999999 2 3 2000000000 1999999999 2 3 2000000000 1999999999 2 3 2000000000 1999999999 2 3 2000000000 1999999999 2 3 2000000000 1999999999 2 3 2000000000 1999999999 2 3 2000000000 1999999999 2 3 2000000000 1999999999 2 3 2000000000 1999999999 2 3 2000000000 1999999999 2 3 2000000000 1999999999 2 3 2000000000 1999999999 2 3 2000000000 1999999999 2 3 2000000000 1999999999 2 3 2000000000 1999999999 2 3 2000000000 1999999999 2 3 2000000000 1999999999 2 3 2000000000 1999999999 2 3 2000000000 1999999999 2 3 2000000000 1999999999 2 3 2000000000 1999999999 2 3 2000000000 1999999999 2 3 2000000000 1999999999 2 3 2000000000 1999999999 2 3 2000000000 1999999999 2 3 2000000000 1999999999 2 3 2000000000 1999999999 2 3 2000000000 1999999999 2 3 2000000000 1999999999 2 3 2000000000 1999999999 2 3 2000000000 1999999999 2 3 2000000000 1999999999 2 3 2000000000 1999999999 2 3 2000000000 1999999999 2 3 2000000000 1999999999 2 3 2000000000 1999999999 2 3 2000000000 1999999999 2 3 2000000000 1999999999 2 3 2000000000 1999999999 2 3 2000000000 1999999999 2 3 2000000000 1999999999 2 3 2000000000 1999999999 2 3 2000000000 1999999999 2 3 2000000000 1999999999 2 3 2000000000 1999999999 2 3 2000000000 1999999999 2 3 2000000000 1999999999 2 3 2000000000 1999999999 2 3 2000000000 1999999999 2 3 2000000000 1999999999 2 3 2000000000 1999999999 2 3 2000000000 1999999999 2 3 2000000000 1999999999 2 3 2000000000 1999999999 2 3 2000000000 1999999999 2 3 2000000000 1999999999 2 3 2000000000 1999999999 2 3 2000000000 1999999999 2 3 2000000000 1999999999 2 3 2000000000 1999999999 2 3 2000000000 1999999999 2 3 2000000000 1999999999 2 3 2000000000 1999999999 2 3 2000000000 1999999999 2 3 2000000000 1999999999 2 3 2000000000 1999999999 2 3 2000000000 1999999999 2 3 2000000000 1999999999 2 3 2000000000 1999999999 2 3 2000000000 1999999999 2 3 2000000000 1999999999 2 3 2000000000 1999999999 2 3 2000000000 1999999999 2 3 2000000000 1999999999 2 3 2000000000 1999999999 2 3 2000000000 1999999999 2 3 2000000000 1999999999 2 3 2000000000 1999999999 2 3 2000000000 1999999999 2 3 2000000000 1999999999 2 3 2000000000 1999999999 2 3 2000000000 1999999999 2 3 2000000000 1999999999 2 3 2000000000 1999999999 2 3 2000000000 1999999999 2 3 2000000000 1999999999 2 3 2000000000 1999999999 2 3 2000000000 1999999999 2 3 2000000000 1999999999 2 3 2000000000 1999999999 2 3 2000000000 1999999999 2 3 2000000000 1999999999 2 3 2000000000 1999999999 2 3 2000000000 1999999999 2 3 2000000000 1999999999 2 3 2000000000 1999999999 2 3 2000000000 1999999999 2 3 2000000000 1999999999 2 3 2000000000 1999999999 2 3 2000000000 1999999999 2 3 2000000000 1999999999 2 3 2000000000 1999999999 2 3 2000000000 1999999999 2 3 2000000000 1999999999 2 3 2000000000 1999999999 2 3 2000000000 1999999999 2 3 2000000000 1999999999 2 3 2000000000 1999999999 2 3 2000000000 1999999999 2 3 2000000000 1999999999 2 3 2000000000 1999999999 2 3 2000000000 1999999999 2 3 2000000000 1999999999 2 3 2000000000 1999999999 2 3 2000000000 1999999999 2 3 2000000000 1999999999 2 3 2000000000 1999999999 2 3 2000000000 1999999999 2 3 2000000000 1999999999 2 3 2000000000 1999999999 2 3 2000000000 1999999999 2 3 2000000000 1999999999 2 3 2000000000 1999999999 2 3 2000000000 1999999999 2 3 2000000000 1999999999 2 3 2000000000 1999999999 2 3 2000000000 1999999999 2 3 2000000000 1999999999 2 3 2000000000 1999999999 2 3 2000000000 1999999999 2 3 2000000000 1999999999 2 3 2000000000 1999999999 2 3 2000000000 1999999999 2 3 2000000000 1999999999 2 3 2000000000 1999999999 2 3 2000000000 1999999999 2 3 2000000000 1999999999 2 3 2000000000 1999999999 2 3 2000000000 1999999999 2 3 2000000000 1999999999 2 3 2000000000 1999999999 2 3 2000000000 1999999999 2 3 2000000000 1999999999 2 3 2000000000 1999999999 2 3 2000000000 1999999999 2 3 2000000000 1999999999 2 3 2000000000 1999999999 2 3 2000000000 1999999999 2 3 2000000000 1999999999 2 3 2000000000 1999999999 2 3 2000000000 1999999999 2 3 2000000000 1999999999 2 3 2000000000 1999999999 2 3 2000000000 1999999999 2 3 2000000000 1999999999 2 3 2000000000 1999999999 2 3 2000000000 1999999999 2 3 2000000000 1999999999 2 3 2000000000 1999999999 2 3 2000000000 1999999999 2 3 2000000000 1999999999 2 3 2000000000 1999999999 2 3 2000000000 1999999999 2 3 2000000000 1999999999 2 3 2000000000 1999999999 2 3 2000000000 1999999999 2 3 2000000000 1999999999 2 3 2000000000 1999999999 2 3 2000000000 1999999999 2 3 2000000000 1999999999 2 3 2000000000 1999999999 2 3 2000000000 1999999999 2 3 2000000000 1999999999 2 3 2000000000 1999999999 2 3 2000000000 1999999999 2 3 2000000000 1999999999 2 3 2000000000 1999999999 2 3 2000000000 1999999999 2 3 2000000000 1999999999 2 3 2000000000 1999999999 2 3 2000000000 1999999999 2 3 2000000000 1999999999 2 3 2000000000 1999999999 2 3 2000000000 1999999999 2 3 2000000000 1999999999 2 3 2000000000 1999999999 2 3 2000000000 1999999999 2 3 2000000000 1999999999 2 3 2000000000 1999999999 2 3 2000000000 1999999999 2 3 2000000000 1999999999 2 3 2000000000 1999999999 2 3 2000000000 1999999999 2 3 2000000000 1999999999 2 3 2000000000 1999999999 2 3 2000000000 1999999999 2 3 2000000000 1999999999 2 3 2000000000 1999999999 2 3 2000000000 1999999999 2 3 2000000000 1999999999 2 3 2000000000 1999999999 2 3 2000000000 1999999999 2 3 2000000000 1999999999 2 3 2000000000 1999999999 2 3 2000000000 1999999999 2 3 2000000000 1999999999 2 3 2000000000 1999999999 2 3 2000000000 1999999999 2 3 2000000000 1999999999 2 3 2000000000 1999999999 2 3 2000000000 1999999999 2 3 2000000000 1999999999 2 3 2000000000 1999999999 2 3 2000000000 1999999999 2 3 2000000000 1999999999 2 3 2000000000 1999999999 2 3 2000000000 1999999999 2 3 2000000000 1999999999 2 3 2000000000 1999999999 2 3 2000000000 1999999999 2 3 2000000000 1999999999 2 3 2000000000 1999999999 2 3 2000000000 1999999999 2 3 2000000000 1999999999 2 3 2000000000 1999999999 2 3 2000000000 1999999999 2 3 2000000000 1999999999 2 3 2000000000 1999999999 2 3 2000000000 1999999999 2 3 2000000000 1999999999 2 3 2000000000 1999999999 2 3 2000000000 1999999999 2 3 2000000000 1999999999 2 3 2000000000 1999999999 2 3 2000000000 1999999999 2 3 2000000000 1999999999 2 3 2000000000 1999999999 2 3 2000000000 1999999999 2 3 2000000000 1999999999 2 3 2000000000 1999999999 2 3 2000000000 1999999999 2 3 2000000000 1999999999 2 3 2000000000 1999999999 2 3 2000000000 1999999999 2 3 2000000000 1999999999 2 3 2000000000 1999999999 2 3 2000000000 1999999999 2 3 2000000000 1999999999 2 3 2000000000 1999999999 2 3 2000000000 1999999999 2 3 2000000000 1999999999 2 3 2000000000 1999999999 2 3 2000000000 1999999999 2 3 2000000000 1999999999 2 3 2000000000 1999999999 2 3 2000000000 1999999999 2 3 2000000000 1999999999 2 3 2000000000 1999999999 2 3 2000000000 1999999999 2 3 2000000000 1999999999 2 3 2000000000 1999999999 2 3 2000000000 1999999999 2 3 2000000000 1999999999 2 3 2000000000 1999999999 2 3 2000000000 1999999999 2 3 2000000000 1999999999 2 3 2000000000 1999999999 2 3 2000000000 1999999999 2 3 2000000000 1999999999 2 3 2000000000 1999999999 2 3 2000000000 1999999999 2 3 2000000000 1999999999 2 3 2000000000 1999999999 2 3 2000000000 1999999999 2 3 2000000000 1999999999 2 3 2000000000 1999999999 2 3 2000000000 1999999999 2 3 2000000000 1999999999 2 3 2000000000 1999999999 2 3 2000000000 1999999999 2 3 2000000000 1999999999 2 3 2000000000 1999999999 2 3 2000000000 1999999999 2 3 2000000000 1999999999 2 3 2000000000 1999999999 2 3 2000000000 1999999999 2 3 2000000000 1999999999 2 3 2000000000 1999999999 2 3 2000000000 1999999999 2 3 2000000000 1999999999 2 3 2000000000 1999999999 2 3 2000000000 1999999999 2 3 2000000000 1999999999 2 3 2000000000 1999999999 2 3 2000000000 1999999999 2 3 2000000000 1999999999 2 3 2000000000 1999999999 2 3 2000000000 1999999999 2 3 2000000000 1999999999 2 3 2000000000 1999999999 2 3 2000000000 1999999999 2 3 2000000000 1999999999 2 3 2000000000 1999999999 2 3 2000000000 1999999999 2 3 2000000000 1999999999 2 3 2000000000 1999999999 2 3 2000000000 1999999999 2 3 2000000000 1999999999 2 3 2000000000 1999999999 2 3 2000000000 1999999999 2 3 2000000000 1999999999 2 3 2000000000 1999999999 2 3 2000000000 1999999999 2 3 2000000000 1999999999 2 3 2000000000 1999999999 2 3 2000000000 1999999999 2 3 2000000000 1999999999 2 3 2000000000 1999999999 2 3 2000000000 1999999999 2 3 2000000000 1999999999 2 3 2000000000 1999999999 2 3 2000000000 1999999999 2 3 2000000000 1999999999 2 3 2000000000 1999999999 2 3 2000000000 1999999999 2 3 2000000000 1999999999 2 3 2000000000 1999999999 2 3 2000000000 1999999999 2 3 2000000000 1999999999 2 3 2000000000 1999999999 2 3 2000000000 1999999999 2 3 2000000000 1999999999 2 3 2000000000 1999999999 2 3 2000000000 1999999999 2 3 2000000000 1999999999 2 3 2000000000 1999999999 2 3 2000000000 1999999999 2 3 2000000000 1999999999 2 3 2000000000 1999999999 2 3 2000000000 1999999999 2 3 2000000000 1999999999 2 3 2000000000 1999999999 2 3 2000000000 1999999999 2 3 2000000000 1999999999 2 3 2000000000 1999999999 2 3 2000000000 1999999999 2 3 2000000000 1999999999 2 3 2000000000 1999999999 2 3 2000000000 1999999999 2 3 2000000000 1999999999 2 3 2000000000 1999999999 2 3 2000000000 1999999999 2 3 2000000000 1999999999 2 3 2000000000 1999999999 2 3 2000000000 1999999999 2 3 2000000000 1999999999 2 3 2000000000 1999999999 2 3 2000000000 1999999999 2 3 2000000000 1999999999 2 3 2000000000 1999999999 2 3 2000000000 1999999999 2 3 2000000000 1999999999 2 3 2000000000 1999999999 2 3 2000000000 1999999999 2 3 2000000000 1999999999 2 3 2000000000 1999999999 2 3 2000000000 1999999999 2 3 2000000000 1999999999 2 3 2000000000 1999999999 2 3 2000000000 1999999999 2 3 2000000000 1999999999 2 3 2000000000 1999999999 2 3 2000000000 1999999999 2 3 2000000000 1999999999 2 3 2000000000 1999999999 2 3 2000000000 1999999999 2 3 2000000000 1999999999 2 3 2000000000 1999999999 2 3 2000000000 1999999999 2 3 2000000000 1999999999 2 3 2000000000 1999999999 2 3 2000000000 1999999999 2 3 2000000000 1999999999 2 3 2000000000 1999999999 2 3 2000000000 1999999999 2 3 2000000000 1999999999 2 3 2000000000 1999999999 2 3 2000000000 1999999999 2 3 2000000000 1999999999 2 3 2000000000 1999999999 2 3 2000000000 1999999999 2 3 2000000000 1999999999 2 3 2000000000 1999999999 2 3 2000000000 1999999999 2 3 2000000000 1999999999 2 3 2000000000 1999999999 2 3 2000000000 1999999999 2 3 2000000000 1999999999 2 3 2000000000 1999999999 2 3 2000000000 1999999999 2 3 2000000000 1999999999 2 3 2000000000 1999999999 2 3 2000000000 1999999999 2 3 2000000000 1999999999 2 3 2000000000 1999999999 2 3 2000000000 1999999999 2 3 2000000000 1999999999 2 3 2000000000 1999999999 2 3 2000000000 1999999999 2 3 2000000000 1999999999 2 3 2000000000 1999999999 2 3 2000000000 1999999999 2 3 2000000000 1999999999 2 3 2000000000 1999999999 2 3 2000000000 1999999999 2 3 2000000000 1999999999 2 3 2000000000 1999999999 2 3 2000000000 1999999999 2 3 2000000000 1999999999 2 3 2000000000 1999999999 2 3 2000000000 1999999999 2 3 2000000000 1999999999 2 3 2000000000 1999999999 2 3 2000000000 1999999999 2 3 2000000000 1999999999 2 3 2000000000 1999999999 2 3 2000000000 1999999999 2 3 2000000000 1999999999 2 3 2000000000 1999999999 2 3 2000000000 1999999999 2 3 2000000000 1999999999 2 3 2000000000 1999999999 2 3 2000000000 1999999999 2 3 2000000000 1999999999 2 3 2000000000 1999999999 2 3 2000000000 1999999999 2 3 2000000000 1999999999 2 3 2000000000 1999999999 2 3 2000000000 1999999999 2 3 2000000000 1999999999 2 3 2000000000 1999999999 2 3 2000000000 1999999999 2 3 2000000000 1999999999 2 3 2000000000 1999999999 2 3 2000000000 1999999999 2 3 2000000000 1999999999 2 3 2000000000 1999999999 2 3 2000000000 1999999999 2 3 2000000000 1999999999 2 3 2000000000 1999999999 2 3 2000000000 1999999999 2 3 2000000000 1999999999 2 3 2000000000 1999999999 2 3 2000000000 1999999999 2 3 2000000000 1999999999 2 3 2000000000 1999999999 2 3 2000000000 1999999999 2 3 2000000000 1999999999 2 3 2000000000 1999999999 2 3 2000000000 1999999999 2 3 2000000000 1999999999 2 3 2000000000 1999999999 2 3 2000000000 1999999999 2 3 2000000000 1999999999 2 3 2000000000 1999999999 2 3 2000000000 1999999999 2 3 2000000000 1999999999 2 3 2000000000 1999999999 2 3 2000000000 1999999999 2 3 2000000000 1999999999 2 3 2000000000 1999999999 2 3 2000000000 1999999999 2 3 2000000000 1999999999 2 3 2000000000 1999999999 2 3 2000000000 1999999999 2 3 2000000000 1999999999 2 3 2000000000 1999999999 2 3 2000000000 1999999999 2 3 2000000000 1999999999 2 3 2000000000 1999999999 2 3 2000000000 1999999999 2 3 2000000000 1999999999 2 3 2000000000 1999999999 2 3 2000000000 1999999999 2 3 2000000000 1999999999 2 3 2000000000 1999999999 2 3 2000000000 1999999999 2 3 2000000000 1999999999 2 3 2000000000 1999999999 2 3 2000000000 1999999999 2 3 2000000000 1999999999 2 3 2000000000 1999999999 2 3 2000000000 1999999999 2 3 2000000000 1999999999 2 3 2000000000 1999999999 2 3 2000000000 1999999999 2 3 2000000000 1999999999 2 3 2000000000 1999999999 2 3 2000000000 1999999999 2 3 2000000000 1999999999 2 3 2000000000 1999999999 2 3 2000000000 1999999999 2 3 2000000000 1999999999 2 3 2000000000 1999999999 2 3 2000000000 1999999999 2 3 2000000000 1999999999 2 3 2000000000 1999999999 2 3 2000000000 1999999999 2 3 2000000000 1999999999 2 3 2000000000 1999999999 2 3 2000000000 1999999999 2 3 2000000000 1999999999 2 3 2000000000 1999999999 2 3 2000000000 1999999999 2 3 2000000000 1999999999 2 3 2000000000 1999999999 2 3 2000000000 1999999999 2 3 2000000000 1999999999 2 3 2000000000 1999999999 2 3 2000000000 1999999999 2 3 2000000000 1999999999 2 3 2000000000 1999999999 2 3 2000000000 1999999999 2 3 2000000000 1999999999 2 3 2000000000 1999999999 2 3 2000000000 1999999999 2 3 2000000000 1999999999 2 3 2000000000 1999999999 2 3 2000000000 1999999999 2 3 2000000000 1999999999 2 3 2000000000 1999999999 2 3 2000000000 1999999999 2 3 2000000000 1999999999 2 3 2000000000 1999999999 2 3 2000000000 1999999999 2 3 2000000000 1999999999 2 3 2000000000 1999999999 2 3 2000000000 1999999999 2 3 2000000000 1999999999 2 3 2000000000 1999999999 2 3 2000000000 1999999999 2 3 2000000000 1999999999 2 3 2000000000 1999999999 2 3 2000000000 1999999999 2 3 2000000000 1999999999 2 3 2000000000 1999999999 2 3 2000000000 1999999999 2 3 2000000000 1999999999 2 3 2000000000 1999999999 2 3 2000000000 1999999999 2 3 2000000000 1999999999 2 3 2000000000 1999999999 2 3 2000000000 1999999999 2 3 2000000000 1999999999 2 3 2000000000 1999999999 2 3 2000000000 1999999999 2 3 2000000000 1999999999 2 3 2000000000 1999999999 2 3 2000000000 1999999999 2 3 2000000000 1999999999 2 3 2000000000 1999999999 2 3 2000000000 1999999999 2 3 2000000000 1999999999 2 3 2000000000 1999999999 2 3 2000000000 1999999999 2 3 2000000000 1999999999 2 3 2000000000 1999999999 2 3 2000000000 1999999999 2 3 2000000000 1999999999 2 3 2000000000 1999999999 2 3 2000000000 1999999999 2 3 2000000000 1999999999 2 3 2000000000 1999999999 2 3 2000000000 1999999999 2 3 2000000000 1999999999 2 3 2000000000 1999999999 2 3 2000000000 1999999999 2 3 2000000000 1999999999 2 3 2000000000 1999999999 2 3 2000000000 1999999999 2 3 2000000000 1999999999 2 3 2000000000 1999999999 2 3 2000000000 1999999999 2 3 2000000000 1999999999 2 3 2000000000 1999999999 2 3 2000000000 1999999999 2 3 2000000000 1999999999 2 3 2000000000 1999999999 2 3 2000000000 1999999999 2 3 2000000000 1999999999 2 3 2000000000 1999999999 2 3 2000000000 1999999999 2 3 2000000000 1999999999 2 3 2000000000 1999999999 2 3 2000000000 1999999999 2 3 2000000000 1999999999 2 3 2000000000 1999999999 2 3 2000000000 1999999999 2 3 2000000000 1999999999 2 3 2000000000 1999999999 2 3 2000000000 1999999999 2 3 2000000000 1999999999 2 3 2000000000 1999999999 2 3 2000000000 1999999999 2 3 2000000000 1999999999 2 3 2000000000 1999999999 2 3 2000000000 1999999999 2 3 2000000000 1999999999 2 3 2000000000 1999999999 2 3 2000000000 1999999999 2 3 2000000000 1999999999 2 3 2000000000 1999999999 2 3 2000000000 1999999999 2 3 2000000000 1999999999 2 3 2000000000 1999999999 2 3 2000000000 1999999999 2 3 2000000000 1999999999 2 3 2000000000 1999999999 2 3 2000000000 1999999999 2 3 2000000000 1999999999 2 3 2000000000 1999999999 2 3 2000000000 1999999999 2 3 2000000000 1999999999 2 3 2000000000 1999999999 2 3 2000000000 1999999999 2 3 2000000000 1999999999 2 3 2000000000 1999999999 2 3 2000000000 1999999999 2 3 2000000000 1999999999 2 3 2000000000 1999999999 2 3 2000000000 1999999999 2 3 2000000000 1999999999 2 3 2000000000 1999999999 2 3 2000000000 1999999999 2 3 2000000000 1999999999 2 3 2000000000 1999999999 2 3 2000000000 1999999999 2 3 2000000000 1999999999 2 3 2000000000 1999999999 2 3 2000000000 1999999999 2 3 2000000000 1999999999 2 3 2000000000 1999999999 2 3 2000000000 1999999999 2 3 2000000000 1999999999 2 3 2000000000 1999999999 2 3 2000000000 1999999999 2 3 2000000000 1999999999 2 3 2000000000 1999999999 2 3 2000000000 1999999999 2 3 2000000000 1999999999 2 3 2000000000 1999999999 2 3 2000000000 1999999999 2 3 2000000000 1999999999 2 3 2000000000 1999999999 2 3 2000000000 1999999999 2 3 2000000000 1999999999 2 3 2000000000 1999999999 2 3 2000000000 1999999999 2 3 2000000000 1999999999 2 3 2000000000 1999999999 2 3 2000000000 1999999999 2 3 2000000000 1999999999 2 3 2000000000 1999999999 2 3 2000000000 1999999999 2 3 2000000000 1999999999 2 3 2000000000 1999999999 2 3 2000000000 1999999999 2 3 2000000000 1999999999 2 3 2000000000 1999999999 2 3 2000000000 1999999999 2 3 2000000000 1999999999 2 3 2000000000 1999999999 2 3 2000000000 1999999999 2 3 2000000000 1999999999 2 3 2000000000 1999999999 2 3 2000000000 1999999999 2 3 2000000000 1999999999 2 3 2000000000 1999999999 2 3 2000000000 1999999999 2 3 2000000000 1999999999 2 3 2000000000 1999999999 2 3 2000000000 1999999999 2 3 2000000000 1999999999 2 3 2000000000 1999999999 2 3 2000000000 1999999999 2 3 2000000000 1999999999 2 3 2000000000 1999999999 2 3 2000000000 1999999999 2 3 2000000000 1999999999 2 3 2000000000 1999999999 2 3 2000000000 1999999999 2 3 2000000000 1999999999 2 3 2000000000 1999999999 2 3 2000000000 1999999999 2 3 2000000000 1999999999 2 3 2000000000 1999999999 2 3 2000000000 1999999999 2 3 2000000000 1999999999 2 3 2000000000 1999999999 2 3 2000000000 1999999999 2 3 2000000000 1999999999 2 3 2000000000 1999999999 2 3 2000000000 1999999999 2 3 2000000000 1999999999 2 3 2000000000 1999999999 2 3 2000000000 1999999999 2 3 2000000000 1999999999 2 3 2000000000 1999999999 2 3 2000000000 1999999999 2 3 2000000000 1999999999 2 3 2000000000 1999999999 2 3 2000000000 1999999999 2 3 2000000000 1999999999 2 3 2000000000 1999999999 2 3 2000000000 1999999999 2 3 2000000000 1999999999 2 3 2000000000 1999999999 2 3 2000000000 1999999999 2 3 2000000000 1999999999 2 3 2000000000 1999999999 2 3 2000000000 1999999999 2 3 2000000000 1999999999 2 3 2000000000 1999999999 2 3 2000000000 1999999999 2 3 2000000000 1999999999 2 3 2000000000 1999999999 2 3 2000000000 1999999999 2 3 2000000000 1999999999 2 3 2000000000 1999999999 2 3 2000000000 1999999999 2 3 2000000000 1999999999 2 3 2000000000 1999999999 2 3 2000000000 1999999999 2 3 2000000000 1999999999 2 3 2000000000 1999999999 2 3 2000000000 1999999999 2 3 2000000000 1999999999 2 3 2000000000 1999999999 2 3 2000000000 1999999999 2 3 2000000000 1999999999 2 3 2000000000 1999999999 2 3 2000000000 1999999999 2 3 2000000000 1999999999 2 3 2000000000 1999999999 2 3 2000000000 1999999999 2 3 2000000000 1999999999 2 3 2000000000 1999999999 2 3 2000000000 1999999999 2 3 2000000000 1999999999 2 3 2000000000 1999999999 2 3 2000000000 1999999999 2 3 2000000000 1999999999 2 3 2000000000 1999999999 2 3 2000000000 1999999999 2 3 2000000000 1999999999 2 3 2000000000 1999999999 2 3 2000000000 1999999999 2 3 2000000000 1999999999 2 3 2000000000 1999999999 2 3 2000000000 1999999999 2 3 2000000000 1999999999 2 3 2000000000 1999999999 2 3 2000000000 1999999999 2 3 2000000000 1999999999 2 3 2000000000 1999999999 2 3 2000000000 1999999999 2 3 2000000000 1999999999 2 3 2000000000 1999999999 2 3 2000000000 1999999999 2 3 2000000000 1999999999 2 3 2000000000 1999999999 2 3 2000000000 1999999999 2 3 2000000000 1999999999 2 3 2000000000 1999999999 2 3 2000000000 1999999999 2 3 2000000000 1999999999 2 3 2000000000 1999999999 2 3 2000000000 1999999999 2 3 2000000000 1999999999 2 3 2000000000 1999999999 2 3 2000000000 1999999999 2 3 2000000000 1999999999 2 3 2000000000 1999999999 2 3 2000000000 1999999999 2 3 2000000000 1999999999 2 3 2000000000 1999999999 2 3 2000000000 1999999999 2 3 2000000000 1999999999 2 3 2000000000 1999999999 2 3 2000000000 1999999999 2 3 2000000000 1999999999 2 3 2000000000 1999999999 2 3 2000000000 1999999999 2 3 2000000000 1999999999 2 3 2000000000 1999999999 2 3 2000000000 1999999999 2 3 2000000000 1999999999 2 3 2000000000 1999999999 2 3 2000000000 1999999999 2 3 2000000000 1999999999 2 3 2000000000 1999999999 2 3 2000000000 1999999999 2 3 2000000000 1999999999 2 3 2000000000 1999999999 2 3 2000000000 1999999999 2 3 2000000000 1999999999 2 3 2000000000 1999999999 2 3 2000000000 1999999999 2 3 2000000000 1999999999 2 3 2000000000 1999999999 2 3 2000000000 1999999999 2 3 2000000000 1999999999 2 3 2000000000 1999999999 2 3 2000000000 1999999999 2 3 2000000000 1999999999 2 3 2000000000 1999999999 2 3 2000000000 1999999999 2 3 2000000000 1999999999 2 3 2000000000 1999999999 2 3 2000000000 1999999999 2 3 2000000000 1999999999 2 3 2000000000 1999999999 2 3 2000000000 1999999999 2 3 2000000000 1999999999 2 3 2000000000 1999999999 2 3 2000000000 1999999999 2 3 2000000000 1999999999 2 3 2000000000 1999999999 2 3 2000000000 1999999999 2 3 2000000000 1999999999 2 3 2000000000 1999999999 2 3 2000000000 1999999999 2 3 2000000000 1999999999 2 3 2000000000 1999999999 2 3 2000000000 1999999999 2 3 2000000000 1999999999 2 3 2000000000 1999999999 2 3 2000000000 1999999999 2 3 2000000000 1999999999 2 3 2000000000 1999999999 2 3 2000000000 1999999999 2 3 2000000000 1999999999 2 3 2000000000 1999999999 2 3 2000000000 1999999999 2 3 2000000000 1999999999 2 3 2000000000 1999999999 2 3 2000000000 1999999999 2 3 2000000000 1999999999 2 3 2000000000 1999999999 2 3 2000000000 1999999999 2 3 2000000000 1999999999 2 3 2000000000 1999999999 2 3 2000000000 1999999999 2 3 2000000000 1999999999 2 3 2000000000 1999999999 2 3 2000000000 1999999999 2 3 2000000000 1999999999 2 3 2000000000 1999999999 2 3 2000000000 1999999999 2 3 2000000000 1999999999 2 3 2000000000 1999999999 2 3 2000000000 1999999999 2 3 2000000000 1999999999 2 3 2000000000 1999999999 2 3 2000000000 1999999999 2 3 2000000000 1999999999 2 3 2000000000 1999999999 2 3 2000000000 1999999999 2 3 2000000000 1999999999 2 3 2000000000 1999999999 2 3 2000000000 1999999999 2 3 2000000000 1999999999 2 3 2000000000 1999999999 2 3 2000000000 1999999999 2 3 2000000000 1999999999 2 3 2000000000 1999999999 2 3 2000000000 1999999999 2 3 2000000000 1999999999 2 3 2000000000 1999999999 2 3 2000000000 1999999999 2 3 2000000000 1999999999 2 3 2000000000 1999999999 2 3 2000000000 1999999999 2 3 2000000000 1999999999 2 3 2000000000 1999999999 2 3 2000000000 1999999999 2 3 2000000000 1999999999 2 3 2000000000 1999999999 2 3 2000000000 1999999999 2 3 2000000000 1999999999 2 3 2000000000 1999999999 2 3 2000000000 1999999999 2 3 2000000000 1999999999 2 3 2000000000 1999999999 2 3 2000000000 1999999999 2 3 2000000000 1999999999 2 3 2000000000 1999999999 2 3 2000000000 1999999999 2 3 2000000000 1999999999 2 3 2000000000 1999999999 2 3 2000000000 1999999999 2 3 2000000000 1999999999 2 3 2000000000 1999999999 2 3 2000000000 1999999999 2 3 2000000000 1999999999 2 3 2000000000 1999999999 2 3 2000000000 1999999999 2 3 2000000000 1999999999 2 3 2000000000 1999999999 2 3 2000000000 1999999999 2 3 2000000000 1999999999 2 3 2000000000 1999999999 2 3 2000000000 1999999999 2 3 2000000000 1999999999 2 3 2000000000 1999999999 2 3 2000000000 1999999999 2 3 2000000000 1999999999 2 3 2000000000 1999999999 2 3 2000000000 1999999999 2 3 2000000000 1999999999 2 3 2000000000 1999999999 2 3 2000000000 1999999999 2 3 2000000000 1999999999 2 3 2000000000 1999999999 2 3 2000000000 1999999999 2 3 2000000000 1999999999 2 3 2000000000 1999999999 2 3 2000000000 1999999999 2 3 2000000000 1999999999 2 3 2000000000 1999999999 2 3 2000000000 1999999999 2 3 2000000000 1999999999 2 3 2000000000 1999999999 2 3 2000000000 1999999999 2 3 2000000000 1999999999 2 3 2000000000 1999999999 2 3 2000000000 1999999999 2 3 2000000000 1999999999 2 3 2000000000 1999999999 2 3 2000000000 1999999999 2 3 2000000000 1999999999 2 3 2000000000 1999999999 2 3 2000000000 1999999999 2 3 2000000000 1999999999 2 3 2000000000 1999999999 2 3 2000000000 1999999999 2 3 2000000000 1999999999 2 3 2000000000 1999999999 2 3 2000000000 1999999999 2 3 2000000000 1999999999 2 3 2000000000 1999999999 2 3 2000000000 1999999999 2 3 2000000000 1999999999 2 3 2000000000 1999999999 2 3 2000000000 1999999999 2 3 2000000000 1999999999 2 3 2000000000 1999999999 2 3 2000000000 1999999999 2 3 2000000000 1999999999 2 3 2000000000 1999999999 2 3 2000000000 1999999999 2 3 2000000000 1999999999 2 3 2000000000 1999999999 2 3 2000000000 1999999999 2 3 2000000000 1999999999 2 3 2000000000 1999999999 2 3 2000000000 1999999999 2 3 2000000000 1999999999 2 3 2000000000 1999999999 2 3 2000000000 1999999999 2 3 2000000000 1999999999 2 3 2000000000 1999999999 2 3 2000000000 1999999999 2 3 2000000000 1999999999 2 3 2000000000 1999999999 2 3 2000000000 1999999999 2 3 2000000000 1999999999 2 3 2000000000 1999999999 2 3 2000000000 1999999999 2 3 2000000000 1999999999 2 3 2000000000 1999999999 2 3 2000000000 1999999999 2 3 2000000000 1999999999 2 3 2000000000 1999999999 2 3 2000000000 1999999999 2 3 2000000000 1999999999 2 3 2000000000 1999999999 2 3 2000000000 1999999999 2 3 2000000000 1999999999 2 3 2000000000 1999999999 2 3 2000000000 1999999999 2 3 2000000000 1999999999 2 3 2000000000 1999999999 2 3 2000000000 1999999999 2 3 2000000000 1999999999 2 3 2000000000 1999999999 2 3 2000000000 1999999999 2 3 2000000000 1999999999 2 3 2000000000 1999999999 2 3 2000000000 1999999999 2 3 2000000000 1999999999 2 3 2000000000 1999999999 2 3 2000000000 1999999999 2 3 2000000000 1999999999 2 3 2000000000 1999999999 2 3 2000000000 1999999999 2 3 2000000000 1999999999 2 3 2000000000 1999999999 2 3 2000000000 1999999999 2 3 2000000000 1999999999 2 3 2000000000 1999999999 2 3 2000000000 1999999999 2 3 2000000000 1999999999 2 3 2000000000 1999999999 2 3 2000000000 1999999999 2 3 2000000000 1999999999 2 3 2000000000 1999999999 2 3 2000000000 1999999999 2 3 2000000000 1999999999 2 3 2000000000 1999999999 2 3 2000000000 1999999999 2 3 2000000000 1999999999 2 3 2000000000 1999999999 2 3 2000000000 1999999999 2 3 2000000000 1999999999 2 3 2000000000 1999999999 2 3 2000000000 1999999999 2 3 2000000000 1999999999 2 3 2000000000 1999999999 2 3 2000000000 1999999999 2 3 2000000000 1999999999 2 3 2000000000 1999999999 2 3 2000000000 1999999999 2 3 2000000000 1999999999 2 3 2000000000 1999999999 2 3 2000000000 1999999999 2 3 2000000000 1999999999 2 3 2000000000 1999999999 2 3 2000000000 1999999999 2 3 2000000000 1999999999 2 3 2000000000 1999999999 2 3 2000000000 1999999999 2 3 2000000000 1999999999 2 3 2000000000 1999999999 2 3 2000000000 1999999999 2 3 2000000000 1999999999 2 3 2000000000 1999999999 2 3 2000000000 1999999999 2 3 2000000000 1999999999 2 3 2000000000 1999999999 2 3 2000000000 1999999999 2 3 2000000000 1999999999 2 3 2000000000 1999999999 2 3 2000000000 1999999999 2 3 2000000000 1999999999 2 3 2000000000 1999999999 2 3 2000000000 1999999999 2 3 2000000000 1999999999 2 3 2000000000 1999999999 2 3 2000000000 1999999999 2 3 2000000000 1999999999 2 3 2000000000 1999999999 2 3 2000000000 1999999999 2 3 2000000000 1999999999 2 3 2000000000 1999999999 2 3 2000000000 1999999999 2 3 2000000000 1999999999 2 3 2000000000 1999999999 2 3 2000000000 1999999999 2 3 2000000000 1999999999 2 3 2000000000 1999999999 2 3 2000000000 1999999999 2 3 2000000000 1999999999 2 3 2000000000 1999999999 2 3 2000000000 1999999999 2 3 2000000000 1999999999 2 3 2000000000 1999999999 2 3 2000000000 1999999999 2 3 2000000000 1999999999 2 3 2000000000 1999999999 2 3 2000000000 1999999999 2 3 2000000000 1999999999 2 3 2000000000 1999999999 2 3 2000000000 1999999999 2 3 2000000000 1999999999 2 3 2000000000 1999999999 2 3 2000000000 1999999999 2 3 2000000000 1999999999 2 3 2000000000 1999999999 2 3 2000000000 1999999999 2 3 2000000000 1999999999 2 3 2000000000 1999999999 2 3 2000000000 1999999999 2 3 2000000000 1999999999 2 3 2000000000 1999999999 2 3 2000000000 1999999999 2 3 2000000000 1999999999 2 3 2000000000 1999999999 2 3 2000000000 1999999999 2 3 2000000000 1999999999 2 3 2000000000 1999999999 2 3 2000000000 1999999999 2 3 2000000000 1999999999 2 3 2000000000 1999999999 2 3 2000000000 1999999999 2 3 2000000000 1999999999 2 3 2000000000 1999999999 2 3 2000000000 1999999999 2 3 2000000000 1999999999 2 3 2000000000 1999999999 2 3 2000000000 1999999999 2 3 2000000000 1999999999 2 3 2000000000 1999999999 2 3 2000000000 1999999999 2 3 2000000000 1999999999 2 3 2000000000 1999999999 2 3 2000000000 1999999999 2 3 2000000000 1999999999 2 3 2000000000 1999999999 2 3 2000000000 1999999999 
