20
22 21
1 4 869 22
73 26
5 8 4 54214
1000000000 1
12 7 74 12
1000000000 100000
100000 1 0 1000000000
131 74
1 9 10 78736
78 51
3 5 5 51230
198 81
8 5 7 83495
66 39
35 2 589 66
137 49
48 17 461 137
177 73
7 7 5 56401
1000000000 100000
999999999 1 999999999 1000000000
1000000000 100000
1 1 0 2
1000000000 100000
1 1 1 1000000000
254 99
1 8 9 74990
497151700 96511
9 7 6 999919625
186 75
68 16 539 186
640834505 28785
3 9 1 999946125
977365070 59489
8 5 9 999966210
164 96
76 2 193 164
220 88
1 8 3 58265
